4,76
42
148
57
148
97
123
102
113
102
103
87
93
42
83
87
78
47
63
87
63
57
43
97
53
87
23
112
43
132
43
142
53
142
63
132
58
122
63
132
68
142
63
147
73
162
73
172
68
187
68
207
73
212
83
202
93
192
83
187
93
182
83
172
93
162
83
152
93
142
83
132
103
142
123
147
113
152
123
157
108
162
123
172
108
182
123
187
113
192
123
202
113
212
123
207
133
182
138
152
138
132
133
132
148
277
148
277
18
42
18
42
148
42
18
237
18
237
28
242
38
252
43
267
48
277
48
267
48
262
58
267
48
252
43
242
53
252
43
242
38
232
43
242
38
237
28
227
28
237
28
237
18
237
18

267
48
262
58
267
48
252
43
242
53
252
43
242